56
108
195
240
473
4
398
16
64
419
291
174
369
329
39
336
19
175
151
490
205
263
451
423
368
88
442
434
100
57
461
349
13
107
282
378
231
138
491
23
202
272
289
72
262
365
351
298
331
373
370
23
452
388
498
415
267
243
327
17
464
72
303
241
28
428
321
282
5
146
473
228
93
411
412
458
126
101
423
27
15
311
202
253
130
363
19
453
325
118
6
69
434
407
242
15
62
286
238
355
251
432
415
194
160
307
109
121
444
498
252
480
51
434
325
217
457
344
97
368
493
213
285
42
17
208
443
357
261
286
128
152
230
176
356
283
207
27
15
458
439
245
272
370
338
357
456
20
136
79
150
115
250
499
103
205
44
423
357
329
495
212
306
193
70
263
140
420
145
366
32
266
303
219
478
310
64
415
58
272
424
294
180
234
36
26
252
278
36
429
480
37
340
276
31
144
465
241
492
130
404
5
258
344
209
109
217
57
470
422
322
411
364
253
136
156
453
163
455
89
236
108
477
363
468
472
293
476
298
318
380
121
103
432
389
398
248
29
381
256
9
296
111
327
108
485
383
417
42
495
174
48
218
15
394
39
31
294
56
447
189
25
149
22
129
175
2
469
175
201
411
304
289
272
212
450
342
289
140
35
224
183
322
13
110
225
186
217
300
480
475
78
479
232
307
125
386
226
184
178
167
430
289
470
76
223
137
308
208
396
158
39
76
19
240
230
271
345
280
239
391
463
334
203
203
73
230
145
55
89
33
477
209
476
31
315
472
252
61
224
83
257
150
229
189
324
463
33
177
331
127
221
451
76
279
197
382
333
419
234
130
239
377
367
48
239
49
489
89
285
181
51
81
465
410
118
213
23
2
117
190
141
193
228
187
242
351
19
136
152
38
232
237
471
293
438
439
390
465
473
490
395
44
245
17
334
490
430
5
42
73
349
159
20
463
405
69
1
158
157
125
26
133
247
120
94
41
340
410
124
166
358
359
314
228
45
353
127
275
64
455
383
427
321
73
326
52
375
301
286
31
241
445
329
292
184
80
456
390
44
485
60
94
12
363
56
159
235
390
438
244
183
65
247
403
145
359
188
68
452
165
403
94
153
19
305
409
194
292
123
82
316
16
190
463
68
75
43
11
192
492
